_viz_0 = nengo_gui.components.HTMLView(model.nodes[0])
_viz_config[_viz_0].x = -0.7397497223864573
_viz_config[_viz_0].y = -1.007809008217864
_viz_config[_viz_0].width = 0.40167233253213613
_viz_config[_viz_0].height = 0.5035542361190044
_viz_config[_viz_0].label_visible = True
_viz_net_graph = nengo_gui.components.NetGraph()
_viz_progress = nengo_gui.components.Progress()
_viz_config[_viz_progress].x = 0
_viz_config[_viz_progress].y = 0
_viz_config[_viz_progress].width = 100
_viz_config[_viz_progress].height = 100
_viz_config[_viz_progress].label_visible = True
_viz_sim_control = nengo_gui.components.SimControl()
_viz_config[_viz_sim_control].shown_time = 0.5
_viz_config[_viz_sim_control].kept_time = 4.0
_viz_config[model].pos=(1.4170843111409746, 1.8960238857362233)
_viz_config[model].size=(0.28948737652509055, 0.28948737652509055)
_viz_config[model].expanded=True
_viz_config[model].has_layout=True
_viz_config[model.ensembles[0]].pos=(0.784968239604755, 0.018841028249482528)
_viz_config[model.ensembles[0]].size=(0.1, 0.1)
_viz_config[model.nodes[0]].pos=(-0.015012524323881032, -0.6885079511126282)
_viz_config[model.nodes[0]].size=(0.1, 0.1)
_viz_config[model.nodes[1]].pos=(1.3018225613533014, 0.017447431201974267)
_viz_config[model.nodes[1]].size=(0.1, 0.1)
_viz_config[model.nodes[2]].pos=(0.29536128217115654, 0.012622621205434973)
_viz_config[model.nodes[2]].size=(0.1, 0.1)
_viz_config[model.nodes[3]].pos=(0.95879112213639, -0.9872430848386552)
_viz_config[model.nodes[3]].size=(0.1, 0.1)
_viz_config[model.nodes[4]].pos=(1.4940204713025933, -0.7346412487219629)
_viz_config[model.nodes[4]].size=(0.1, 0.1)